0.000000 0.000000
0.001001 0.000367
0.002002 0.000735
0.003003 0.001104
0.004004 0.001474
0.005005 0.001845
0.006006 0.002217
0.007007 0.002590
0.008008 0.002964
0.009009 0.003339
0.010010 0.003715
0.011011 0.004092
0.012012 0.004470
0.013013 0.004849
0.014014 0.005229
0.015015 0.005610
0.016016 0.005992
0.017017 0.006375
0.018018 0.006759
0.019019 0.007144
0.020020 0.007530
0.021021 0.007918
0.022022 0.008306
0.023023 0.008695
0.024024 0.009085
0.025025 0.009476
0.026026 0.009868
0.027027 0.010261
0.028028 0.010656
0.029029 0.011051
0.030030 0.011447
0.031031 0.011844
0.032032 0.012242
0.033033 0.012642
0.034034 0.013042
0.035035 0.013443
0.036036 0.013845
0.037037 0.014249
0.038038 0.014653
0.039039 0.015058
0.040040 0.015465
0.041041 0.015872
0.042042 0.016280
0.043043 0.016690
0.044044 0.017100
0.045045 0.017512
0.046046 0.017924
0.047047 0.018338
0.048048 0.018752
0.049049 0.019168
0.050050 0.019584
0.051051 0.020002
0.052052 0.020420
0.053053 0.020840
0.054054 0.021261
0.055055 0.021682
0.056056 0.022105
0.057057 0.022529
0.058058 0.022954
0.059059 0.023379
0.060060 0.023806
0.061061 0.024234
0.062062 0.024663
0.063063 0.025093
0.064064 0.025523
0.065065 0.025955
0.066066 0.026388
0.067067 0.026822
0.068068 0.027257
0.069069 0.027693
0.070070 0.028130
0.071071 0.028569
0.072072 0.029008
0.073073 0.029448
0.074074 0.029889
0.075075 0.030331
0.076076 0.030775
0.077077 0.031219
0.078078 0.031664
0.079079 0.032111
0.080080 0.032558
0.081081 0.033006
0.082082 0.033456
0.083083 0.033906
0.084084 0.034358
0.085085 0.034810
0.086086 0.035264
0.087087 0.035719
0.088088 0.036174
0.089089 0.036631
0.090090 0.037089
0.091091 0.037548
0.092092 0.038008
0.093093 0.038468
0.094094 0.038930
0.095095 0.039393
0.096096 0.039857
0.097097 0.040322
0.098098 0.040788
0.099099 0.041256
0.100100 0.041724
0.101101 0.042193
0.102102 0.042663
0.103103 0.043135
0.104104 0.043607
0.105105 0.044080
0.106106 0.044555
0.107107 0.045030
0.108108 0.045507
0.109109 0.045985
0.110110 0.046463
0.111111 0.046943
0.112112 0.047424
0.113113 0.047906
0.114114 0.048388
0.115115 0.048872
0.116116 0.049357
0.117117 0.049843
0.118118 0.050330
0.119119 0.050818
0.120120 0.051308
0.121121 0.051798
0.122122 0.052289
0.123123 0.052781
0.124124 0.053275
0.125125 0.053769
0.126126 0.054265
0.127127 0.054761
0.128128 0.055259
0.129129 0.055758
0.130130 0.056257
0.131131 0.056758
0.132132 0.057260
0.133133 0.057763
0.134134 0.058267
0.135135 0.058772
0.136136 0.059278
0.137137 0.059785
0.138138 0.060294
0.139139 0.060803
0.140140 0.061313
0.141141 0.061825
0.142142 0.062337
0.143143 0.062851
0.144144 0.063365
0.145145 0.063881
0.146146 0.064398
0.147147 0.064916
0.148148 0.065435
0.149149 0.065955
0.150150 0.066476
0.151151 0.066998
0.152152 0.067521
0.153153 0.068045
0.154154 0.068571
0.155155 0.069097
0.156156 0.069625
0.157157 0.070153
0.158158 0.070683
0.159159 0.071213
0.160160 0.071745
0.161161 0.072278
0.162162 0.072812
0.163163 0.073347
0.164164 0.073883
0.165165 0.074420
0.166166 0.074959
0.167167 0.075498
0.168168 0.076038
0.169169 0.076580
0.170170 0.077122
0.171171 0.077666
0.172172 0.078211
0.173173 0.078757
0.174174 0.079304
0.175175 0.079851
0.176176 0.080401
0.177177 0.080951
0.178178 0.081502
0.179179 0.082054
0.180180 0.082608
0.181181 0.083162
0.182182 0.083718
0.183183 0.084275
0.184184 0.084832
0.185185 0.085391
0.186186 0.085951
0.187187 0.086512
0.188188 0.087074
0.189189 0.087638
0.190190 0.088202
0.191191 0.088767
0.192192 0.089334
0.193193 0.089902
0.194194 0.090470
0.195195 0.091040
0.196196 0.091611
0.197197 0.092183
0.198198 0.092756
0.199199 0.093330
0.200200 0.093906
0.201201 0.094482
0.202202 0.095060
0.203203 0.095638
0.204204 0.096218
0.205205 0.096799
0.206206 0.097381
0.207207 0.097964
0.208208 0.098548
0.209209 0.099133
0.210210 0.099719
0.211211 0.100307
0.212212 0.100895
0.213213 0.101485
0.214214 0.102076
0.215215 0.102668
0.216216 0.103261
0.217217 0.103855
0.218218 0.104450
0.219219 0.105046
0.220220 0.105644
0.221221 0.106242
0.222222 0.106842
0.223223 0.107443
0.224224 0.108045
0.225225 0.108648
0.226226 0.109252
0.227227 0.109857
0.228228 0.110463
0.229229 0.111071
0.230230 0.111680
0.231231 0.112289
0.232232 0.112900
0.233233 0.113512
0.234234 0.114125
0.235235 0.114739
0.236236 0.115355
0.237237 0.115971
0.238238 0.116589
0.239239 0.117208
0.240240 0.117827
0.241241 0.118448
0.242242 0.119070
0.243243 0.119694
0.244244 0.120318
0.245245 0.120944
0.246246 0.121570
0.247247 0.122198
0.248248 0.122827
0.249249 0.123457
0.250250 0.124088
0.251251 0.124720
0.252252 0.125354
0.253253 0.125988
0.254254 0.126624
0.255255 0.127261
0.256256 0.127899
0.257257 0.128538
0.258258 0.129178
0.259259 0.129819
0.260260 0.130462
0.261261 0.131106
0.262262 0.131750
0.263263 0.132396
0.264264 0.133043
0.265265 0.133692
0.266266 0.134341
0.267267 0.134992
0.268268 0.135643
0.269269 0.136296
0.270270 0.136950
0.271271 0.137605
0.272272 0.138262
0.273273 0.138919
0.274274 0.139578
0.275275 0.140237
0.276276 0.140898
0.277277 0.141560
0.278278 0.142223
0.279279 0.142888
0.280280 0.143553
0.281281 0.144220
0.282282 0.144888
0.283283 0.145557
0.284284 0.146227
0.285285 0.146898
0.286286 0.147570
0.287287 0.148244
0.288288 0.148919
0.289289 0.149595
0.290290 0.150272
0.291291 0.150950
0.292292 0.151630
0.293293 0.152310
0.294294 0.152992
0.295295 0.153675
0.296296 0.154359
0.297297 0.155044
0.298298 0.155731
0.299299 0.156418
0.300300 0.157107
0.301301 0.157797
0.302302 0.158488
0.303303 0.159181
0.304304 0.159874
0.305305 0.160569
0.306306 0.161264
0.307307 0.161961
0.308308 0.162660
0.309309 0.163359
0.310310 0.164060
0.311311 0.164761
0.312312 0.165464
0.313313 0.166168
0.314314 0.166874
0.315315 0.167580
0.316316 0.168288
0.317317 0.168996
0.318318 0.169706
0.319319 0.170418
0.320320 0.171130
0.321321 0.171844
0.322322 0.172558
0.323323 0.173274
0.324324 0.173992
0.325325 0.174710
0.326326 0.175429
0.327327 0.176150
0.328328 0.176872
0.329329 0.177595
0.330330 0.178319
0.331331 0.179045
0.332332 0.179772
0.333333 0.180500
0.334334 0.181229
0.335335 0.181959
0.336336 0.182691
0.337337 0.183423
0.338338 0.184157
0.339339 0.184892
0.340340 0.185629
0.341341 0.186366
0.342342 0.187105
0.343343 0.187845
0.344344 0.188586
0.345345 0.189328
0.346346 0.190072
0.347347 0.190817
0.348348 0.191563
0.349349 0.192310
0.350350 0.193058
0.351351 0.193808
0.352352 0.194559
0.353353 0.195311
0.354354 0.196064
0.355355 0.196819
0.356356 0.197575
0.357357 0.198332
0.358358 0.199090
0.359359 0.199849
0.360360 0.200610
0.361361 0.201372
0.362362 0.202135
0.363363 0.202899
0.364364 0.203665
0.365365 0.204431
0.366366 0.205199
0.367367 0.205969
0.368368 0.206739
0.369369 0.207511
0.370370 0.208284
0.371371 0.209058
0.372372 0.209833
0.373373 0.210610
0.374374 0.211388
0.375375 0.212167
0.376376 0.212947
0.377377 0.213729
0.378378 0.214512
0.379379 0.215296
0.380380 0.216081
0.381381 0.216867
0.382382 0.217655
0.383383 0.218444
0.384384 0.219235
0.385385 0.220026
0.386386 0.220819
0.387387 0.221613
0.388388 0.222408
0.389389 0.223205
0.390390 0.224002
0.391391 0.224802
0.392392 0.225602
0.393393 0.226403
0.394394 0.227206
0.395395 0.228010
0.396396 0.228816
0.397397 0.229622
0.398398 0.230430
0.399399 0.231239
0.400400 0.232049
0.401401 0.232861
0.402402 0.233674
0.403403 0.234488
0.404404 0.235304
0.405405 0.236120
0.406406 0.236938
0.407407 0.237757
0.408408 0.238578
0.409409 0.239400
0.410410 0.240223
0.411411 0.241047
0.412412 0.241873
0.413413 0.242700
0.414414 0.243528
0.415415 0.244357
0.416416 0.245188
0.417417 0.246020
0.418418 0.246853
0.419419 0.247688
0.420420 0.248523
0.421421 0.249361
0.422422 0.250199
0.423423 0.251039
0.424424 0.251880
0.425425 0.252722
0.426426 0.253566
0.427427 0.254410
0.428428 0.255257
0.429429 0.256104
0.430430 0.256953
0.431431 0.257803
0.432432 0.258654
0.433433 0.259507
0.434434 0.260361
0.435435 0.261216
0.436436 0.262072
0.437437 0.262930
0.438438 0.263789
0.439439 0.264650
0.440440 0.265511
0.441441 0.266375
0.442442 0.267239
0.443443 0.268105
0.444444 0.268971
0.445445 0.269840
0.446446 0.270709
0.447447 0.271580
0.448448 0.272453
0.449449 0.273326
0.450450 0.274201
0.451451 0.275077
0.452452 0.275955
0.453453 0.276833
0.454454 0.277714
0.455455 0.278595
0.456456 0.279478
0.457457 0.280362
0.458458 0.281247
0.459459 0.282134
0.460460 0.283022
0.461461 0.283912
0.462462 0.284802
0.463463 0.285694
0.464464 0.286588
0.465465 0.287483
0.466466 0.288379
0.467467 0.289276
0.468468 0.290175
0.469469 0.291075
0.470470 0.291976
0.471471 0.292879
0.472472 0.293783
0.473473 0.294689
0.474474 0.295596
0.475475 0.296504
0.476476 0.297413
0.477477 0.298324
0.478478 0.299236
0.479479 0.300150
0.480480 0.301065
0.481481 0.301981
0.482482 0.302899
0.483483 0.303818
0.484484 0.304738
0.485485 0.305660
0.486486 0.306583
0.487487 0.307507
0.488488 0.308433
0.489489 0.309360
0.490490 0.310289
0.491491 0.311219
0.492492 0.312150
0.493493 0.313082
0.494494 0.314016
0.495495 0.314952
0.496496 0.315888
0.497497 0.316827
0.498498 0.317766
0.499499 0.318707
0.500501 0.319649
0.501502 0.320593
0.502503 0.321538
0.503504 0.322484
0.504505 0.323432
0.505506 0.324381
0.506507 0.325332
0.507508 0.326283
0.508509 0.327237
0.509510 0.328191
0.510511 0.329148
0.511512 0.330105
0.512513 0.331064
0.513514 0.332024
0.514515 0.332986
0.515516 0.333949
0.516517 0.334913
0.517518 0.335879
0.518519 0.336846
0.519520 0.337815
0.520521 0.338785
0.521522 0.339757
0.522523 0.340730
0.523524 0.341704
0.524525 0.342680
0.525526 0.343657
0.526527 0.344635
0.527528 0.345615
0.528529 0.346597
0.529530 0.347579
0.530531 0.348563
0.531532 0.349549
0.532533 0.350536
0.533534 0.351525
0.534535 0.352514
0.535536 0.353506
0.536537 0.354499
0.537538 0.355493
0.538539 0.356488
0.539540 0.357485
0.540541 0.358484
0.541542 0.359484
0.542543 0.360485
0.543544 0.361488
0.544545 0.362492
0.545546 0.363498
0.546547 0.364505
0.547548 0.365513
0.548549 0.366523
0.549550 0.367535
0.550551 0.368547
0.551552 0.369562
0.552553 0.370578
0.553554 0.371595
0.554555 0.372613
0.555556 0.373633
0.556557 0.374655
0.557558 0.375678
0.558559 0.376703
0.559560 0.377729
0.560561 0.378756
0.561562 0.379785
0.562563 0.380815
0.563564 0.381847
0.564565 0.382880
0.565566 0.383915
0.566567 0.384951
0.567568 0.385989
0.568569 0.387028
0.569570 0.388069
0.570571 0.389111
0.571572 0.390154
0.572573 0.391200
0.573574 0.392246
0.574575 0.393294
0.575576 0.394344
0.576577 0.395395
0.577578 0.396447
0.578579 0.397501
0.579580 0.398557
0.580581 0.399614
0.581582 0.400672
0.582583 0.401732
0.583584 0.402793
0.584585 0.403856
0.585586 0.404921
0.586587 0.405987
0.587588 0.407054
0.588589 0.408123
0.589590 0.409194
0.590591 0.410266
0.591592 0.411339
0.592593 0.412414
0.593594 0.413491
0.594595 0.414569
0.595596 0.415648
0.596597 0.416729
0.597598 0.417812
0.598599 0.418896
0.599600 0.419982
0.600601 0.421069
0.601602 0.422158
0.602603 0.423248
0.603604 0.424340
0.604605 0.425433
0.605606 0.426528
0.606607 0.427624
0.607608 0.428722
0.608609 0.429821
0.609610 0.430922
0.610611 0.432025
0.611612 0.433129
0.612613 0.434234
0.613614 0.435342
0.614615 0.436450
0.615616 0.437561
0.616617 0.438672
0.617618 0.439786
0.618619 0.440901
0.619620 0.442017
0.620621 0.443135
0.621622 0.444255
0.622623 0.445376
0.623624 0.446498
0.624625 0.447623
0.625626 0.448749
0.626627 0.449876
0.627628 0.451005
0.628629 0.452135
0.629630 0.453268
0.630631 0.454401
0.631632 0.455537
0.632633 0.456673
0.633634 0.457812
0.634635 0.458952
0.635636 0.460094
0.636637 0.461237
0.637638 0.462382
0.638639 0.463528
0.639640 0.464676
0.640641 0.465825
0.641642 0.466977
0.642643 0.468129
0.643644 0.469284
0.644645 0.470440
0.645646 0.471597
0.646647 0.472756
0.647648 0.473917
0.648649 0.475080
0.649650 0.476244
0.650651 0.477409
0.651652 0.478576
0.652653 0.479745
0.653654 0.480916
0.654655 0.482088
0.655656 0.483262
0.656657 0.484437
0.657658 0.485614
0.658659 0.486792
0.659660 0.487973
0.660661 0.489155
0.661662 0.490338
0.662663 0.491523
0.663664 0.492710
0.664665 0.493898
0.665666 0.495088
0.666667 0.496280
0.667668 0.497473
0.668669 0.498668
0.669670 0.499865
0.670671 0.501063
0.671672 0.502263
0.672673 0.503465
0.673674 0.504668
0.674675 0.505873
0.675676 0.507080
0.676677 0.508288
0.677678 0.509498
0.678679 0.510709
0.679680 0.511922
0.680681 0.513137
0.681682 0.514354
0.682683 0.515572
0.683684 0.516792
0.684685 0.518014
0.685686 0.519237
0.686687 0.520462
0.687688 0.521689
0.688689 0.522917
0.689690 0.524147
0.690691 0.525379
0.691692 0.526612
0.692693 0.527847
0.693694 0.529084
0.694695 0.530323
0.695696 0.531563
0.696697 0.532805
0.697698 0.534049
0.698699 0.535294
0.699700 0.536541
0.700701 0.537790
0.701702 0.539040
0.702703 0.540293
0.703704 0.541546
0.704705 0.542802
0.705706 0.544060
0.706707 0.545319
0.707708 0.546579
0.708709 0.547842
0.709710 0.549106
0.710711 0.550372
0.711712 0.551640
0.712713 0.552910
0.713714 0.554181
0.714715 0.555454
0.715716 0.556729
0.716717 0.558005
0.717718 0.559283
0.718719 0.560563
0.719720 0.561845
0.720721 0.563129
0.721722 0.564414
0.722723 0.565701
0.723724 0.566990
0.724725 0.568280
0.725726 0.569573
0.726727 0.570867
0.727728 0.572163
0.728729 0.573460
0.729730 0.574760
0.730731 0.576061
0.731732 0.577364
0.732733 0.578669
0.733734 0.579975
0.734735 0.581284
0.735736 0.582594
0.736737 0.583906
0.737738 0.585219
0.738739 0.586535
0.739740 0.587852
0.740741 0.589171
0.741742 0.590492
0.742743 0.591815
0.743744 0.593140
0.744745 0.594466
0.745746 0.595794
0.746747 0.597124
0.747748 0.598456
0.748749 0.599790
0.749750 0.601125
0.750751 0.602462
0.751752 0.603802
0.752753 0.605143
0.753754 0.606485
0.754755 0.607830
0.755756 0.609177
0.756757 0.610525
0.757758 0.611875
0.758759 0.613227
0.759760 0.614581
0.760761 0.615937
0.761762 0.617294
0.762763 0.618654
0.763764 0.620015
0.764765 0.621378
0.765766 0.622743
0.766767 0.624110
0.767768 0.625479
0.768769 0.626849
0.769770 0.628222
0.770771 0.629596
0.771772 0.630973
0.772773 0.632351
0.773774 0.633731
0.774775 0.635113
0.775776 0.636496
0.776777 0.637882
0.777778 0.639270
0.778779 0.640659
0.779780 0.642051
0.780781 0.643444
0.781782 0.644839
0.782783 0.646236
0.783784 0.647635
0.784785 0.649036
0.785786 0.650439
0.786787 0.651844
0.787788 0.653251
0.788789 0.654659
0.789790 0.656070
0.790791 0.657482
0.791792 0.658897
0.792793 0.660313
0.793794 0.661732
0.794795 0.663152
0.795796 0.664574
0.796797 0.665998
0.797798 0.667424
0.798799 0.668852
0.799800 0.670282
0.800801 0.671714
0.801802 0.673148
0.802803 0.674584
0.803804 0.676022
0.804805 0.677462
0.805806 0.678904
0.806807 0.680347
0.807808 0.681793
0.808809 0.683241
0.809810 0.684691
0.810811 0.686142
0.811812 0.687596
0.812813 0.689052
0.813814 0.690509
0.814815 0.691969
0.815816 0.693431
0.816817 0.694894
0.817818 0.696360
0.818819 0.697828
0.819820 0.699297
0.820821 0.700769
0.821822 0.702243
0.822823 0.703719
0.823824 0.705197
0.824825 0.706676
0.825826 0.708158
0.826827 0.709642
0.827828 0.711128
0.828829 0.712616
0.829830 0.714106
0.830831 0.715598
0.831832 0.717092
0.832833 0.718588
0.833834 0.720087
0.834835 0.721587
0.835836 0.723089
0.836837 0.724594
0.837838 0.726100
0.838839 0.727609
0.839840 0.729119
0.840841 0.730632
0.841842 0.732147
0.842843 0.733664
0.843844 0.735183
0.844845 0.736704
0.845846 0.738227
0.846847 0.739752
0.847848 0.741279
0.848849 0.742809
0.849850 0.744340
0.850851 0.745874
0.851852 0.747410
0.852853 0.748948
0.853854 0.750488
0.854855 0.752030
0.855856 0.753574
0.856857 0.755120
0.857858 0.756669
0.858859 0.758219
0.859860 0.759772
0.860861 0.761327
0.861862 0.762884
0.862863 0.764443
0.863864 0.766005
0.864865 0.767568
0.865866 0.769134
0.866867 0.770702
0.867868 0.772272
0.868869 0.773844
0.869870 0.775418
0.870871 0.776995
0.871872 0.778574
0.872873 0.780154
0.873874 0.781738
0.874875 0.783323
0.875876 0.784910
0.876877 0.786500
0.877878 0.788092
0.878879 0.789686
0.879880 0.791282
0.880881 0.792881
0.881882 0.794481
0.882883 0.796084
0.883884 0.797689
0.884885 0.799297
0.885886 0.800906
0.886887 0.802518
0.887888 0.804132
0.888889 0.805748
0.889890 0.807367
0.890891 0.808988
0.891892 0.810611
0.892893 0.812236
0.893894 0.813863
0.894895 0.815493
0.895896 0.817125
0.896897 0.818760
0.897898 0.820396
0.898899 0.822035
0.899900 0.823676
0.900901 0.825320
0.901902 0.826965
0.902903 0.828614
0.903904 0.830264
0.904905 0.831916
0.905906 0.833571
0.906907 0.835229
0.907908 0.836888
0.908909 0.838550
0.909910 0.840214
0.910911 0.841881
0.911912 0.843549
0.912913 0.845221
0.913914 0.846894
0.914915 0.848570
0.915916 0.850248
0.916917 0.851929
0.917918 0.853611
0.918919 0.855297
0.919920 0.856984
0.920921 0.858674
0.921922 0.860366
0.922923 0.862061
0.923924 0.863758
0.924925 0.865457
0.925926 0.867159
0.926927 0.868863
0.927928 0.870570
0.928929 0.872279
0.929930 0.873990
0.930931 0.875704
0.931932 0.877420
0.932933 0.879139
0.933934 0.880860
0.934935 0.882583
0.935936 0.884309
0.936937 0.886037
0.937938 0.887768
0.938939 0.889501
0.939940 0.891236
0.940941 0.892974
0.941942 0.894715
0.942943 0.896458
0.943944 0.898203
0.944945 0.899951
0.945946 0.901701
0.946947 0.903454
0.947948 0.905209
0.948949 0.906967
0.949950 0.908727
0.950951 0.910490
0.951952 0.912255
0.952953 0.914022
0.953954 0.915792
0.954955 0.917565
0.955956 0.919340
0.956957 0.921118
0.957958 0.922898
0.958959 0.924681
0.959960 0.926466
0.960961 0.928254
0.961962 0.930044
0.962963 0.931837
0.963964 0.933632
0.964965 0.935430
0.965966 0.937231
0.966967 0.939034
0.967968 0.940839
0.968969 0.942647
0.969970 0.944458
0.970971 0.946272
0.971972 0.948087
0.972973 0.949906
0.973974 0.951727
0.974975 0.953551
0.975976 0.955377
0.976977 0.957206
0.977978 0.959037
0.978979 0.960871
0.979980 0.962708
0.980981 0.964547
0.981982 0.966389
0.982983 0.968234
0.983984 0.970081
0.984985 0.971931
0.985986 0.973784
0.986987 0.975639
0.987988 0.977497
0.988989 0.979357
0.989990 0.981220
0.990991 0.983086
0.991992 0.984955
0.992993 0.986826
0.993994 0.988700
0.994995 0.990576
0.995996 0.992456
0.996997 0.994338
0.997998 0.996222
0.998999 0.998110
1.000000 1.000000
